Codigo distrito	Nombre distrito	Fecha datos	Índice de Vulnerabilidad Territorial de Bienestar e Igualdad	Índice de Vulnerabilidad Territorial de Bienestar e Igualdad - media ciudad	Indicador mayores 75 solos	Indicador mayores 75 solos - media ciudad	Indicador hogares monoparentales	Indicador hogares monoparentales - media ciudad	Indicador solicitudes servicios ayuda en domicilios	Indicador solicitudes servicios ayuda en domicilios - media ciudad	Indicador discapacidad	Indicador discapacidad - media ciudad	Indicador perceptores RMI	Indicador perceptores RMI - media ciudad	Indicador solicitudes teleasistencia	Indicador solicitudes teleasistencia - media ciudad	Indicador actuaciones policiales	Indicador actuaciones policiales - media ciudad	Indicador actuaciones de bomberos	Indicador actuaciones de bomberos - media ciudad	Indicador tiempo llegada bomberos	Indicador tiempo llegada bomberos - media ciudad	Indicador elementos areas para mayores	Indicador elementos areas para mayores - media ciudad
1	Centro	2020	5,98	4,76	5,90	4,81	2,85	4,71	4,80	4,97	7,37	4,83	5,29	4,87	3,18	4,41	18,25	4,68	9,83	4,60	3,94	4,60	4,89	5,02
2	Arganzuela	2020	4,28	4,76	4,98	4,81	3,83	4,71	3,78	4,97	5,01	4,83	1,51	4,87	7,18	4,41	2,64	4,68	4,19	4,60	3,60	4,60	5,49	5,02
3	Retiro	2020	4,11	4,76	4,55	4,81	3,58	4,71	2,92	4,97	4,20	4,83	0,78	4,87	9,01	4,41	1,51	4,68	4,10	4,60	3,90	4,60	6,15	5,02
4	Salamanca	2020	4,62	4,76	4,85	4,81	3,29	4,71	3,60	4,97	3,69	4,83	0,64	4,87	8,02	4,41	5,89	4,68	6,36	4,60	3,81	4,60	9,69	5,02
5	Chamartín	2020	4,36	4,76	4,49	4,81	3,65	4,71	2,71	4,97	3,59	4,83	0,77	4,87	7,63	4,41	1,86	4,68	5,33	4,60	10,34	4,60	6,62	5,02
6	Tetuán	2020	4,53	4,76	5,21	4,81	3,53	4,71	6,35	4,97	4,53	4,83	4,56	4,87	2,70	4,41	3,11	4,68	5,65	4,60	3,71	4,60	6,29	5,02
7	Chamberí	2020	4,25	4,76	5,09	4,81	3,34	4,71	3,64	4,97	3,97	4,83	0,94	4,87	6,49	4,41	4,30	4,68	5,74	4,60	3,63	4,60	7,46	5,02
8	Fuencarral - El Pardo	2020	3,91	4,76	3,99	4,81	6,53	4,71	4,72	4,97	3,97	4,83	1,97	4,87	1,50	4,41	2,27	4,68	4,06	4,60	4,66	4,60	6,24	5,02
9	Moncloa - Aravaca	2020	3,97	4,76	4,48	4,81	4,96	4,71	4,14	4,97	3,96	4,83	1,79	4,87	2,44	4,41	5,13	4,68	5,77	4,60	5,23	4,60	3,88	5,02
10	Latina	2020	4,50	4,76	4,76	4,81	3,91	4,71	6,95	4,97	5,27	4,83	4,71	4,87	2,19	4,41	2,96	4,68	3,37	4,60	4,24	4,60	5,84	5,02
11	Carabanchel	2020	5,51	4,76	5,11	4,81	4,75	4,71	5,53	4,97	5,21	4,83	7,00	4,87	8,44	4,41	4,84	4,68	3,63	4,60	4,09	4,60	3,45	5,02
12	Usera	2020	5,16	4,76	5,11	4,81	4,85	4,71	5,74	4,97	5,92	4,83	10,75	4,87	1,88	4,41	4,72	4,68	3,70	4,60	3,90	4,60	1,82	5,02
13	Puente de Vallecas	2020	6,39	4,76	5,20	4,81	4,65	4,71	6,36	4,97	6,47	4,83	13,10	4,87	5,76	4,41	7,36	4,68	4,24	4,60	3,88	4,60	3,65	5,02
14	Moratalaz	2020	5,27	4,76	4,75	4,81	4,14	4,71	5,67	4,97	5,82	4,83	5,60	4,87	9,25	4,41	2,76	4,68	4,06	4,60	3,98	4,60	3,10	5,02
15	Ciudad Lineal	2020	4,26	4,76	5,21	4,81	4,30	4,71	5,31	4,97	4,31	4,83	2,38	4,87	2,15	4,41	4,47	4,68	3,56	4,60	3,80	4,60	8,98	5,02
16	Hortaleza	2020	3,85	4,76	3,99	4,81	6,57	4,71	4,38	4,97	3,81	4,83	1,82	4,87	2,01	4,41	3,63	4,68	3,67	4,60	4,81	4,60	4,39	5,02
17	Villaverde	2020	4,87	4,76	4,75	4,81	5,29	4,71	5,68	4,97	5,72	4,83	9,37	4,87	0,68	4,41	4,80	4,68	4,17	4,60	4,31	4,60	1,70	5,02
18	Villa de Vallecas	2020	5,87	4,76	4,62	4,81	7,60	4,71	2,76	4,97	4,63	4,83	11,27	4,87	4,04	4,41	6,82	4,68	4,91	4,60	8,66	4,60	3,69	5,02
19	Vicálvaro	2020	5,17	4,76	4,38	4,81	6,14	4,71	4,92	4,97	4,47	4,83	9,85	4,87	5,16	4,41	2,49	4,68	3,64	4,60	5,39	4,60	1,41	5,02
20	San Blas - Canillejas	2020	4,36	4,76	5,01	4,81	5,29	4,71	6,52	4,97	4,54	4,83	4,46	4,87	1,41	4,41	3,49	4,68	4,25	4,60	4,05	4,60	3,45	5,02
21	Barajas	2020	4,76	4,76	3,56	4,81	6,98	4,71	3,50	4,97	3,54	4,83	1,44	4,87	8,88	4,41	6,69	4,68	5,77	4,60	6,09	4,60	1,81	5,02
1	Centro	2021	6,56	4,78	5,87	4,80	2,83	4,73	4,24	4,98	7,57	4,82	6,40	4,90	5,49	4,58	19,55	4,55	12,25	4,62	4,18	4,70	4,19	4,94
2	Arganzuela	2021	4,17	4,78	4,97	4,80	3,83	4,73	4,53	4,98	5,02	4,82	1,74	4,90	5,54	4,58	2,23	4,55	3,56	4,62	3,70	4,70	5,91	4,94
3	Retiro	2021	4,19	4,78	4,55	4,80	3,72	4,73	3,70	4,98	4,15	4,82	0,90	4,90	8,05	4,58	2,48	4,55	3,52	4,62	4,46	4,70	6,53	4,94
4	Salamanca	2021	4,42	4,78	4,86	4,80	3,20	4,73	3,58	4,98	3,64	4,82	0,82	4,90	5,75	4,58	5,84	4,55	7,07	4,62	3,83	4,70	10,27	4,94
5	Chamartín	2021	3,93	4,78	4,47	4,80	3,68	4,73	2,97	4,98	3,63	4,82	0,96	4,90	5,35	4,58	3,15	4,55	5,85	4,62	4,68	4,70	7,05	4,94
6	Tetuán	2021	4,48	4,78	5,25	4,80	3,73	4,73	4,69	4,98	4,49	4,82	4,51	4,90	3,17	4,58	3,70	4,55	5,76	4,62	5,52	4,70	5,06	4,94
7	Chamberí	2021	4,46	4,78	5,09	4,80	3,26	4,73	4,06	4,98	3,90	4,82	1,22	4,90	6,94	4,58	3,60	4,55	6,22	4,62	3,96	4,70	8,67	4,94
8	Fuencarral - El Pardo	2021	4,29	4,78	3,94	4,80	6,39	4,73	4,43	4,98	4,02	4,82	1,83	4,90	5,43	4,58	1,88	4,55	3,50	4,62	5,73	4,70	5,45	4,94
9	Moncloa - Aravaca	2021	3,99	4,78	4,48	4,80	4,89	4,73	3,98	4,98	3,94	4,82	1,91	4,90	1,61	4,58	5,63	4,55	5,99	4,62	6,42	4,70	4,12	4,94
10	Latina	2021	4,46	4,78	4,76	4,80	4,01	4,73	7,61	4,98	5,19	4,82	4,27	4,90	0,78	4,58	3,60	4,55	3,35	4,62	4,96	4,70	6,15	4,94
11	Carabanchel	2021	5,55	4,78	5,07	4,80	4,79	4,73	6,64	4,98	5,10	4,82	6,85	4,90	8,64	4,58	4,04	4,55	3,37	4,62	4,35	4,70	2,84	4,94
12	Usera	2021	5,21	4,78	5,14	4,80	4,91	4,73	5,63	4,98	5,92	4,82	10,92	4,90	2,03	4,58	4,15	4,55	3,82	4,62	4,56	4,70	1,69	4,94
13	Puente de Vallecas	2021	6,68	4,78	5,19	4,80	4,87	4,73	6,73	4,98	6,41	4,82	13,28	4,90	8,51	4,58	4,90	4,55	4,17	4,62	4,33	4,70	3,53	4,94
14	Moratalaz	2021	5,63	4,78	4,81	4,80	3,91	4,73	7,02	4,98	5,83	4,82	5,33	4,90	11,74	4,58	2,36	4,55	3,85	4,62	3,38	4,70	3,25	4,94
15	Ciudad Lineal	2021	4,22	4,78	5,19	4,80	4,41	4,73	5,08	4,98	4,32	4,82	2,92	4,90	2,16	4,58	3,34	4,55	3,74	4,62	4,21	4,70	8,07	4,94
16	Hortaleza	2021	3,64	4,78	4,04	4,80	6,48	4,73	3,20	4,98	3,78	4,82	1,90	4,90	1,27	4,58	3,13	4,55	3,97	4,62	5,09	4,70	4,70	4,94
17	Villaverde	2021	4,86	4,78	4,79	4,80	5,41	4,73	6,35	4,98	5,70	4,82	9,04	4,90	0,05	4,58	4,77	4,55	4,23	4,62	4,44	4,70	1,68	4,94
18	Villa de Vallecas	2021	5,62	4,78	4,55	4,80	7,67	4,73	3,23	4,98	4,65	4,82	9,82	4,90	4,22	4,58	7,94	4,55	3,79	4,62	5,85	4,70	4,02	4,94
19	Vicálvaro	2021	4,96	4,78	4,42	4,80	6,00	4,73	4,39	4,98	4,39	4,82	9,37	4,90	4,35	4,58	2,85	4,55	3,13	4,62	6,09	4,70	1,46	4,94
20	San Blas - Canillejas	2021	4,21	4,78	4,98	4,80	5,33	4,73	4,64	4,98	4,57	4,82	4,44	4,90	1,63	4,58	4,64	4,55	3,94	4,62	4,20	4,70	3,41	4,94
21	Barajas	2021	4,47	4,78	3,57	4,80	6,70	4,73	3,30	4,98	3,76	4,82	1,57	4,90	7,27	4,58	6,23	4,55	4,92	4,62	6,06	4,70	1,94	4,94
1	Centro	2022	6,61	4,73	5,90	4,79	2,79	4,74	3,48	4,98	7,59	4,81	4,07	4,87	3,75	4,30	30,56	4,64	11,23	4,63	4,54	4,55	4,34	4,90
2	Arganzuela	2022	4,03	4,73	5,05	4,79	3,90	4,74	6,02	4,98	5,10	4,81	0,99	4,87	4,25	4,30	2,03	4,64	2,70	4,63	3,68	4,55	5,39	4,90
3	Retiro	2022	4,23	4,73	4,55	4,79	3,67	4,74	3,42	4,98	4,18	4,81	0,57	4,87	9,51	4,30	1,51	4,64	3,88	4,63	4,48	4,55	6,01	4,90
4	Salamanca	2022	4,43	4,73	4,88	4,79	3,19	4,74	2,88	4,98	3,69	4,81	0,30	4,87	7,16	4,30	4,32	4,64	7,47	4,63	4,30	4,55	10,63	4,90
5	Chamartín	2022	4,03	4,73	4,51	4,79	3,81	4,74	3,31	4,98	3,61	4,81	0,28	4,87	6,26	4,30	3,58	4,64	6,62	4,63	3,41	4,55	7,32	4,90
6	Tetuán	2022	4,09	4,73	5,21	4,79	3,85	4,74	4,26	4,98	4,47	4,81	3,99	4,87	2,88	4,30	3,37	4,64	4,22	4,63	3,72	4,55	4,79	4,90
7	Chamberí	2022	4,20	4,73	5,18	4,79	3,21	4,74	3,48	4,98	3,86	4,81	0,62	4,87	5,73	4,30	4,09	4,64	5,35	4,63	4,61	4,55	8,95	4,90
8	Fuencarral - El Pardo	2022	4,01	4,73	4,00	4,79	6,35	4,74	4,57	4,98	3,97	4,81	1,62	4,87	2,61	4,30	1,64	4,64	5,53	4,63	5,16	4,55	5,67	4,90
9	Moncloa - Aravaca	2022	3,81	4,73	4,51	4,79	4,95	4,74	4,26	4,98	3,89	4,81	0,72	4,87	2,77	4,30	3,78	4,64	4,83	4,63	5,90	4,55	4,29	4,90
10	Latina	2022	4,86	4,73	4,76	4,79	4,00	4,74	9,45	4,98	5,20	4,81	3,35	4,87	4,25	4,30	3,39	4,64	1,62	4,63	4,64	4,55	6,13	4,90
11	Carabanchel	2022	4,79	4,73	4,98	4,79	4,79	4,74	5,64	4,98	5,16	4,81	7,21	4,87	2,67	4,30	4,26	4,64	5,16	4,63	3,70	4,55	2,60	4,90
12	Usera	2022	5,58	4,73	5,10	4,79	5,12	4,74	5,86	4,98	6,03	4,81	12,37	4,87	3,34	4,30	3,39	4,64	3,67	4,63	4,78	4,55	1,75	4,90
13	Puente de Vallecas	2022	6,60	4,73	5,10	4,79	5,14	4,74	6,18	4,98	6,33	4,81	15,46	4,87	6,84	4,30	5,06	4,64	2,71	4,63	4,09	4,55	3,69	4,90
14	Moratalaz	2022	6,24	4,73	4,75	4,79	3,96	4,74	6,57	4,98	5,79	4,81	6,22	4,87	14,52	4,30	1,99	4,64	3,99	4,63	6,56	4,55	3,71	4,90
15	Ciudad Lineal	2022	4,12	4,73	5,11	4,79	4,09	4,74	4,41	4,98	4,26	4,81	1,85	4,87	4,39	4,30	4,08	4,64	3,47	4,63	3,39	4,55	6,77	4,90
16	Hortaleza	2022	3,80	4,73	4,07	4,79	6,49	4,74	4,55	4,98	3,79	4,81	1,51	4,87	1,58	4,30	2,99	4,64	3,85	4,63	5,14	4,55	4,89	4,90
17	Villaverde	2022	5,18	4,73	4,77	4,79	5,34	4,74	5,33	4,98	5,72	4,81	11,31	4,87	0,86	4,30	4,19	4,64	6,04	4,63	4,21	4,55	1,75	4,90
18	Villa de Vallecas	2022	5,48	4,73	4,56	4,79	7,73	4,74	3,24	4,98	4,68	4,81	10,80	4,87	1,94	4,30	5,75	4,64	5,76	4,63	6,06	4,55	4,21	4,90
19	Vicálvaro	2022	5,06	4,73	4,45	4,79	5,91	4,74	4,39	4,98	4,41	4,81	10,34	4,87	4,29	4,30	2,64	4,64	2,35	4,63	6,82	4,55	1,54	4,90
20	San Blas - Canillejas	2022	4,01	4,73	4,85	4,79	5,32	4,74	4,38	4,98	4,58	4,81	4,03	4,87	1,29	4,30	3,22	4,64	4,19	4,63	4,36	4,55	3,56	4,90
21	Barajas	2022	4,83	4,73	3,69	4,79	6,40	4,74	4,32	4,98	3,70	4,81	2,38	4,87	9,11	4,30	4,17	4,64	5,37	4,63	6,45	4,55	2,02	4,90
1	Centro	2023	6,17	4,73	5,97	4,79	2,81	4,73	3,19	4,90	7,56	4,81	5,09	5,03	1,98	4,20	29,62	4,60	6,86	4,72	4,46	4,56	4,56	4,89
2	Arganzuela	2023	4,68	4,73	5,00	4,79	4,01	4,73	4,74	4,90	5,19	4,81	2,08	5,03	8,76	4,20	1,99	4,60	3,96	4,72	3,74	4,56	5,60	4,89
3	Retiro	2023	4,36	4,73	4,54	4,79	3,89	4,73	4,11	4,90	4,28	4,81	0,28	5,03	9,17	4,20	1,97	4,60	4,85	4,72	4,17	4,56	6,25	4,89
4	Salamanca	2023	4,30	4,73	4,87	4,79	3,22	4,73	2,88	4,90	3,72	4,81	0,37	5,03	7,01	4,20	4,94	4,60	6,21	4,72	3,90	4,56	9,58	4,89
5	Chamartín	2023	4,21	4,73	4,56	4,79	3,92	4,73	3,57	4,90	3,66	4,81	0,68	5,03	6,37	4,20	4,50	4,60	5,18	4,72	4,55	4,56	7,64	4,89
6	Tetuán	2023	3,86	4,73	5,29	4,79	3,83	4,73	4,18	4,90	4,46	4,81	3,51	5,03	1,20	4,20	3,04	4,60	4,88	4,72	4,05	4,56	4,90	4,89
7	Chamberí	2023	4,17	4,73	5,20	4,79	3,36	4,73	3,56	4,90	3,91	4,81	0,95	5,03	5,06	4,20	3,90	4,60	5,94	4,72	4,06	4,56	8,77	4,89
8	Fuencarral - El Pardo	2023	3,95	4,73	3,95	4,79	6,37	4,73	4,85	4,90	4,03	4,81	1,81	5,03	2,21	4,20	1,64	4,60	4,66	4,72	4,88	4,56	5,64	4,89
9	Moncloa - Aravaca	2023	4,08	4,73	4,51	4,79	4,79	4,73	4,05	4,90	3,93	4,81	1,61	5,03	4,59	4,20	4,01	4,60	4,45	4,72	5,58	4,56	4,35	4,89
10	Latina	2023	4,54	4,73	4,81	4,79	3,94	4,73	7,26	4,90	5,20	4,81	3,00	5,03	3,01	4,20	3,26	4,60	4,47	4,72	4,14	4,56	6,30	4,89
11	Carabanchel	2023	4,79	4,73	4,99	4,79	4,66	4,73	5,61	4,90	5,11	4,81	7,97	5,03	2,18	4,20	3,89	4,60	4,58	4,72	4,29	4,56	2,83	4,89
12	Usera	2023	5,42	4,73	5,06	4,79	4,93	4,73	5,92	4,90	5,98	4,81	12,10	5,03	2,65	4,20	3,23	4,60	4,06	4,72	4,43	4,56	1,67	4,89
13	Puente de Vallecas	2023	7,13	4,73	5,09	4,79	5,27	4,73	5,84	4,90	6,25	4,81	16,79	5,03	9,43	4,20	5,26	4,60	4,24	4,72	3,93	4,56	3,26	4,89
14	Moratalaz	2023	6,75	4,73	4,76	4,79	4,22	4,73	7,73	4,90	5,87	4,81	5,54	5,03	16,64	4,20	1,98	4,60	5,79	4,72	7,02	4,56	3,63	4,89
15	Ciudad Lineal	2023	3,89	4,73	5,07	4,79	3,90	4,73	5,11	4,90	4,21	4,81	2,29	5,03	1,01	4,20	3,46	4,60	4,68	4,72	3,97	4,56	6,99	4,89
16	Hortaleza	2023	3,86	4,73	4,07	4,79	6,58	4,73	4,56	4,90	3,79	4,81	1,86	5,03	1,62	4,20	2,97	4,60	3,95	4,72	4,92	4,56	4,93	4,89
17	Villaverde	2023	5,02	4,73	4,78	4,79	5,04	4,73	5,60	4,90	5,60	4,81	10,48	5,03	1,07	4,20	3,91	4,60	4,55	4,72	4,82	4,56	1,81	4,89
18	Villa de Vallecas	2023	5,12	4,73	4,49	4,79	7,60	4,73	3,32	4,90	4,65	4,81	7,88	5,03	2,90	4,20	5,58	4,60	4,06	4,72	6,13	4,56	4,45	4,89
19	Vicálvaro	2023	4,79	4,73	4,50	4,79	5,85	4,73	4,44	4,90	4,24	4,81	9,36	5,03	3,38	4,20	2,45	4,60	3,33	4,72	5,76	4,56	1,59	4,89
20	San Blas - Canillejas	2023	4,08	4,73	4,75	4,79	5,20	4,73	5,09	4,90	4,60	4,81	4,10	5,03	0,98	4,20	3,66	4,60	4,63	4,72	4,39	4,56	3,23	4,89
21	Barajas	2023	4,83	4,73	3,74	4,79	6,60	4,73	4,40	4,90	3,76	4,81	2,26	5,03	8,76	4,20	4,75	4,60	4,67	4,72	6,79	4,56	2,00	4,89
1	Centro	2024	6,45	4,73	5,94	4,79	2,81	4,74	3,03	4,84	7,61	4,82	2,71	5,07	3,77	4,26	33,42	4,60	9,05	4,54	3,84	4,64	5,06	4,84
2	Arganzuela	2024	4,98	4,73	4,96	4,79	4,01	4,74	5,09	4,84	5,26	4,82	1,55	5,07	11,02	4,26	2,06	4,60	4,31	4,54	3,79	4,64	5,74	4,84
3	Retiro	2024	4,77	4,73	4,53	4,79	4,07	4,74	4,90	4,84	4,15	4,82	0,33	5,07	12,11	4,26	1,67	4,60	3,87	4,54	4,21	4,64	6,33	4,84
4	Salamanca	2024	3,55	4,73	4,94	4,79	3,37	4,74	3,42	4,84	3,64	4,82	0,21	5,07	0,97	4,26	4,65	4,60	5,66	4,54	4,15	4,64	9,28	4,84
5	Chamartín	2024	4,36	4,73	4,63	4,79	4,07	4,74	4,69	4,84	3,61	4,82	0,58	5,07	5,23	4,26	5,66	4,60	5,66	4,54	4,92	4,64	7,93	4,84
6	Tetuán	2024	3,78	4,73	5,37	4,79	3,96	4,74	4,10	4,84	4,51	4,82	2,86	5,07	1,63	4,26	2,48	4,60	4,82	4,54	4,01	4,64	4,35	4,84
7	Chamberí	2024	4,11	4,73	5,20	4,79	3,39	4,74	3,87	4,84	3,98	4,82	0,17	5,07	5,07	4,26	3,86	4,60	5,77	4,54	3,72	4,64	9,08	4,84
8	Fuencarral - El Pardo	2024	4,10	4,73	3,99	4,79	6,29	4,74	4,84	4,84	4,20	4,82	1,94	5,07	2,98	4,26	1,68	4,60	4,01	4,54	5,60	4,64	5,81	4,84
9	Moncloa - Aravaca	2024	3,62	4,73	4,46	4,79	4,83	4,74	4,12	4,84	4,03	4,82	0,63	5,07	1,41	4,26	3,07	4,60	5,97	4,54	5,43	4,64	4,46	4,84
10	Latina	2024	4,46	4,73	4,86	4,79	3,89	4,74	6,81	4,84	5,21	4,82	3,16	5,07	3,27	4,26	2,90	4,60	3,50	4,54	4,35	4,64	6,28	4,84
11	Carabanchel	2024	4,71	4,73	4,94	4,79	4,68	4,74	5,51	4,84	5,12	4,82	7,75	5,07	2,34	4,26	3,81	4,60	3,57	4,54	4,47	4,64	2,87	4,84
12	Usera	2024	5,53	4,73	4,93	4,79	4,81	4,74	5,33	4,84	6,02	4,82	12,64	5,07	4,08	4,26	2,65	4,60	4,10	4,54	4,48	4,64	1,61	4,84
13	Puente de Vallecas	2024	6,84	4,73	5,06	4,79	5,31	4,74	4,98	4,84	6,24	4,82	18,20	5,07	6,36	4,26	5,99	4,60	4,08	4,54	4,23	4,64	2,77	4,84
14	Moratalaz	2024	5,95	4,73	4,80	4,79	3,98	4,74	8,38	4,84	5,70	4,82	7,19	5,07	9,28	4,26	1,85	4,60	5,01	4,54	5,63	4,64	4,01	4,84
15	Ciudad Lineal	2024	4,05	4,73	5,06	4,79	3,93	4,74	4,78	4,84	4,16	4,82	2,31	5,07	3,50	4,26	3,29	4,60	3,38	4,54	4,23	4,64	6,43	4,84
16	Hortaleza	2024	4,17	4,73	4,12	4,79	6,53	4,74	4,40	4,84	3,72	4,82	1,67	5,07	4,72	4,26	2,69	4,60	3,88	4,54	4,96	4,64	4,93	4,84
17	Villaverde	2024	4,81	4,73	4,78	4,79	4,99	4,74	4,88	4,84	5,64	4,82	10,32	5,07	0,52	4,26	3,52	4,60	4,47	4,54	4,68	4,64	1,98	4,84
18	Villa de Vallecas	2024	5,58	4,73	4,48	4,79	7,77	4,74	3,26	4,84	4,71	4,82	9,86	5,07	5,12	4,26	4,16	4,60	4,44	4,54	6,01	4,64	4,29	4,84
19	Vicálvaro	2024	4,99	4,73	4,43	4,79	5,89	4,74	4,04	4,84	4,17	4,82	10,26	5,07	3,94	4,26	2,51	4,60	4,21	4,54	5,92	4,64	1,67	4,84
20	San Blas - Canillejas	2024	4,06	4,73	4,73	4,79	5,08	4,74	5,42	4,84	4,54	4,82	3,78	5,07	1,31	4,26	3,29	4,60	4,14	4,54	4,78	4,64	3,08	4,84
21	Barajas	2024	5,13	4,73	3,77	4,79	6,32	4,74	4,15	4,84	3,78	4,82	1,89	5,07	11,38	4,26	4,80	4,60	6,08	4,54	6,59	4,64	2,04	4,84
